30
26
26
26
0
0
0
1
30
12
12
18
5
4
4
28
3
0
0
16
27
22
22
23
17
16
16
19
26
7
7
27
24
12
12
24
18
15
15
21
23
0
0
10
6
2
2
6
7
5
5
14
2
0
1
6
30
19
19
20
20
17
17
19
13
11
11
17
19
1
1
15
3
2
2
30
11
7
7
11
22
18
18
20
26
9
9
20
6
2
2
27
29
26
26
27
14
2
2
30
12
8
8
16
21
17
17
23
17
2
2
31
26
12
12
27
15
7
7
14
23
21
21
24
18
6
6
13
10
6
6
18
29
9
9
13
18
17
17
20
0
0
0
9
23
11
11
27
0
0
0
13
20
10
10
24
11
11
11
17
14
13
13
19
8
1
1
24
22
9
9
15
9
1
1
19
6
3
3
15
31
12
12
31
19
17
17
30
5
5
5
19
9
3
3
19
3
3
3
9
28
0
0
10
23
20
20
24
15
3
3
29
0
0
0
16
6
0
0
24
6
0
0
0
2
1
1
14
14
9
9
22
30
9
9
27
11
1
2
27
5
5
5
26
26
23
23
31
7
2
2
6
2
2
2
23
29
5
5
18
21
9
9
9
22
19
19
23
23
20
20
24
25
10
11
24
6
2
3
16
10
0
0
27
19
10
11
16
20
3
3
30
4
1
2
8
1
1
1
19
18
15
15
24
22
15
15
29
22
21
21
23
23
18
18
29
4
1
1
24

